theta0 = 12.78247742024075
theta1 = -0.35562511222920895
